Year,Soccer,Basketball,Tennis,Swimming
2010,120,200,90,110
2011,130,210,95,115
2012,140,220,100,120
2013,150,230,105,125
2014,160,240,110,130
2015,170,250,115,135
2016,180,260,120,140
2017,190,270,125,145
2018,200,280,130,150
2019,210,290,135,155
2020,220,300,140,160
2021,230,310,145,165
2022,240,320,150,170
