Year,Gym Membership,Equipment,Training,Competitions
2010,500,300,200,150
2011,520,310,210,160
2012,540,320,220,170
2013,560,330,230,180
2014,580,340,240,190
2015,600,350,250,200
2016,620,360,260,210
2017,640,370,270,220
2018,660,380,280,230
2019,680,390,290,240
2020,700,400,300,250
2021,720,410,310,260
2022,740,420,320,270
2023,760,430,330,280
2024,780,440,340,290
2025,800,450,350,300
