Year,Transportation,Industry,Residential,Agriculture
2010,120,200,80,40
2011,130,210,85,45
2012,140,220,90,50
2013,150,230,95,55
2014,160,240,100,60
2015,170,250,105,65
2016,180,260,110,70
2017,190,270,115,75
2018,200,280,120,80
2019,210,290,125,85
2020,220,300,130,90
2021,230,310,135,95
2022,240,320,140,100
2023,250,330,145,105
