Quarter,Revenue,Expenses,Profit
Q1,30000,25000,5000
Q2,35000,27000,8000
Q3,40000,30000,10000
Q4,45000,32000,13000
Q5,48000,33000,15000
Q6,51000,35000,16000
Q7,53000,36000,17000
Q8,55000,37000,18000
Q9,58000,38000,20000
Q10,60000,39000,21000
Q11,62000,40000,22000
Q12,64000,41000,23000
