Month,Revenue,Expenses,Profit
Jan,400,350,50
Feb,420,360,60
Mar,440,370,70
Apr,460,380,80
May,480,390,90
Jun,500,400,100
Jul,520,410,110
Aug,540,420,120
Sep,560,430,130
Oct,580,440,140
Nov,600,450,150
Dec,620,460,160
Jan,430,355,75
Feb,450,365,85
Mar,470,375,95
Apr,490,385,105
May,510,395,115
Jun,530,405,125
Jul,550,415,135
Aug,570,425,145
Sep,590,435,155
Oct,610,445,165
Nov,630,455,175
Dec,650,465,185
