Month,Fiction,Non-Fiction,Mystery,Science Fiction,Fantasy,Biography,History,Romance
Jan,120,80,60,50,90,40,70,100
Feb,130,85,65,55,95,45,75,110
Mar,140,90,70,60,100,50,80,120
Apr,150,95,75,65,105,55,85,130
May,160,100,80,70,110,60,90,140
Jun,170,105,85,75,115,65,95,150
Jul,180,110,90,80,120,70,100,160
Aug,190,115,95,85,125,75,105,170
Sep,200,120,100,90,130,80,110,180
Oct,210,125,105,95,135,85,115,190
Nov,220,130,110,100,140,90,120,200
Dec,230,135,115,105,145,95,125,210
