Year,North America,Europe,Asia,Others
2000,300,200,150,100
2001,320,210,160,110
2002,340,220,170,120
2003,360,230,180,130
2004,380,240,190,140
2005,400,250,200,150
2006,420,260,210,160
2007,440,270,220,170
2008,460,280,230,180
2009,480,290,240,190
2010,500,300,250,200
2011,520,310,260,210
2012,540,320,270,220
2013,560,330,280,230
2014,580,340,290,240
2015,600,350,300,250
2016,620,360,310,260
2017,640,370,320,270
2018,660,380,330,280
2019,680,390,340,290
2020,700,400,350,300
