Month,Cardio,Strength,Flexibility,Balance
January,120,90,50,40
February,130,100,55,45
March,140,110,60,50
April,150,120,65,55
May,160,130,70,60
June,170,140,75,65
July,180,150,80,70
August,190,160,85,75
September,200,170,90,80
October,210,180,95,85
November,220,190,100,90
December,230,200,105,95
