Month,Movies,Concerts,Theater,Games
Jan,150,80,60,90
Feb,160,85,65,95
Mar,170,90,70,100
Apr,180,95,75,105
May,190,100,80,110
Jun,200,105,85,115
Jul,210,110,90,120
Aug,220,115,95,125
Sep,230,120,100,130
Oct,240,125,105,135
Nov,250,130,110,140
Dec,260,135,115,145
