Month,Revenue,Expenses,Profit
January,8000,4500,3500
February,8200,4600,3600
March,8400,4700,3700
April,8600,4800,3800
May,8800,4900,3900
June,9000,5000,4000
July,9200,5100,4100
August,9400,5200,4200
September,9600,5300,4300
October,9800,5400,4400
November,10000,5500,4500
December,10200,5600,4600
