Month,Revenue,Expenses,Profit,Investments,Savings,Debt,Cash Flow
January,50,30,20,10,40,5,15
February,60,35,25,15,45,10,20
March,70,40,30,20,50,15,25
April,80,45,35,25,55,20,30
May,90,50,40,30,60,25,35
June,100,55,45,35,65,30,40
July,110,60,50,40,70,35,45
August,120,65,55,45,75,40,50
September,130,70,60,50,80,45,55
October,140,75,65,55,85,50,60
November,150,80,70,60,90,55,65
December,160,85,75,65,95,60,70
