Month,USA,China,India,Brazil
January,50000,30000,20000,15000
February,52000,31000,21000,16000
March,54000,32000,22000,17000
April,56000,33000,23000,18000
May,58000,34000,24000,19000
June,60000,35000,25000,20000
July,62000,36000,26000,21000
August,64000,37000,27000,22000
September,66000,38000,28000,23000
October,68000,39000,29000,24000
November,70000,40000,30000,25000
December,72000,41000,31000,26000
